        72
       101
       108
       108
       111
        44
        10
        84
       104
       105
       115
        32
       105
       115
        32
        82
        83
        65
        32
       101
       110
        99
       114
       121
       112
       116
       105
       111
       110
        32
       100
       101
        99
       114
       121
       112
       116
       105
       111
       110
        32
       112
       114
       111
       106
       101
        99
       116
        46
