       200
       118
       167
       167
       138
       175
       260
        84
       196
       317
       191
       110
       317
       191
       110
        23
       178
       312
       110
       118
       219
       142
       228
        26
        73
       193
       317
       138
       219
       110
        93
       118
       142
       228
        26
        73
       193
       317
       138
       219
       110
        73
       228
       138
        30
       118
       142
       193
       160
       160
